0.001500982978	0.0001284146318	0.0003910280116	0.0004250075451	0.001379440379	0.0004879101416	0.0002166212356	0.0006287233652	0.0004349087585	0.000164653298	0.0007052232464	0.0006465498438	0.0002911317914	0.0004305542905	0.001206609321	0.0005190551433	0.0001543423001	0.0001220657778	0.000528466739	0.0003631985524	0.0003073094299	0.0004600671934	0.0002395134815	0.0002072315414	9.558127062e-005	0.0002998219578	0.0005315661413	0.0001446060008	0.000371582862	0.00037922567	0.0002908165066	0.0006991562314	7.512455204e-005	0.000536007635	0.0005094832092	0.0005739346797	0.000399355503	0.0005935765262	0.0003763566987	0.00122125982	0.00038276811	0.0002007868775	0.000229812422	0.0001286169469	0.000553186461	0.0006975976849	0.0004600283822	0.0004173682507	0.0002596877675	0.0007359641361	0.000360270274	0.0003206268207	0.001267243073	0.0007265189794	9.931370648e-006	0.0003524908662	0.0006468163471	0.0004857554935	0.0002234978078	0.0002497104693	0.0008466083828	0.0007981670335	0.0005710485442	0.0003644722974	0.0003420394383	0.0003150557609	0.0002163677641	0.0005376988733	7.136992768e-005	0.0007942283805	0.0001578749316	0.0004200442389	0.000575540863	-9.276469259e-005	0.0001980804123	0.0002106542243	0.0004949989425	0.0005539267884	0.001289240834
0.0001284146318	0.0004189753528	6.887322308e-005	1.89606674e-005	0.0003609642911	0.0001578022284	7.849566608e-005	0.000139476116	0.0001150555325	3.868784622e-005	0.0001645423854	0.0001278930198	-0.0002583117657	7.951188704e-005	0.0001138172736	9.600441957e-005	8.005806858e-005	0.0001435324852	0.0001250243855	6.378353164e-005	6.700316183e-005	4.902841407e-005	0.0001074312227	6.589127892e-005	0.000105761809	1.83205003e-005	0.000134606759	7.518621642e-005	8.282172962e-005	0.000146873163	0.0001231252195	0.0001238681574	5.436069887e-005	6.951219733e-005	0.000128716453	0.0001481584815	0.000156676958	0.0001705227023	0.0001513561797	0.0001001637888	3.786325267e-005	0.0001364128287	0.0002089517569	0.00011304194	0.0002037002779	0.0002097929425	0.0001128398758	9.830137738e-005	9.767868329e-005	0.0001219028581	7.851020559e-005	9.595412728e-005	4.949630211e-005	0.0001632323437	-0.0001691196279	8.082612913e-005	0.0001456318413	0.0001888204141	0.0001790633165	0.0001272269694	0.0001713140389	0.0001871556054	6.975134239e-005	8.505498396e-005	6.659952446e-005	5.92643988e-005	7.443744904e-005	0.0001303226077	6.401316707e-005	3.994593181e-005	0.0001403482291	8.477154853e-005	0.0001694094569	0.000239159052	0.0001316997954	0.0001173230755	9.93577677e-005	0.0001301372703	8.786769067e-006
0.0003910280116	6.887322308e-005	0.0007036442343	0.0003090891074	0.0003040689097	0.0003380655663	0.0001683405151	0.0003744421705	0.0003933584622	2.248869779e-005	0.0004086338211	0.0002413205874	-0.0001714874474	0.000216462227	0.0002693365373	0.0001356136599	0.0001865077689	0.000222400188	0.0001575426206	0.0002493876313	0.0002304916752	0.0003568027141	0.0002015181809	0.0001166070854	-3.419508029e-005	0.0002033350578	0.0004081383157	0.000129760343	0.0003836514936	0.000170103952	0.0001722636232	0.0004391842023	2.022889495e-005	0.0001501979277	0.0003708847338	0.0002497498455	0.000239048589	0.0004401255846	0.000354402294	0.000380695782	0.0001250480297	0.0002226462178	0.0001394117798	0.000184489174	0.0004548396895	0.0005051290981	0.000306408428	0.0002777491742	0.0003075326812	6.592968358e-005	0.0002536837933	0.0001892262531	0.000317968113	0.00047688201	0.000163707084	0.0001704083229	0.0003878772746	0.0001480481972	0.0001561991732	0.0001200623251	0.0004793832965	0.0004920046094	0.0004121751494	0.0001939109596	0.0001507402264	0.0001166840159	9.827132063e-005	0.0002434744561	6.949698789e-005	0.000126451903	0.0001337016704	0.0002419504029	0.0003311236957	-0.000369448221	0.0001942387735	0.0001471983282	0.0003307547788	0.0003503883246	0.0003115317625
0.0004250075451	1.89606674e-005	0.0003090891074	0.001545130708	0.0003139724917	0.0002861778038	0.000205129386	0.0005023594952	0.0003295685605	1.877717645e-005	0.0006296408455	0.0001997257822	-0.0006086913177	0.0002431995149	0.0003117801023	7.424766152e-005	0.0001639420088	0.0001458521258	-8.493553797e-005	0.0003055305231	0.0003364191742	0.0004148927602	0.0003178151758	0.0001145666508	2.355200272e-005	0.0001325677099	0.0004704865425	0.0002568971875	0.0003555537475	0.0003235605053	0.0001713739738	0.000460689964	6.945564974e-005	0.0004289851118	0.0004460878707	0.0003630300534	0.0002324726243	0.0004473099265	0.0002999525377	0.0003882183866	6.925327863e-005	0.0001045027088	0.000318733427	0.0001240557814	0.000570911028	0.0004131156291	0.0004188379673	0.0004154373663	0.0002940574262	0.0001266287831	0.00025706493	0.0003052114157	0.0002963510041	0.0005872021652	0.0001851444076	0.0003346904596	0.0005784834367	0.0001526229465	2.997509053e-006	6.356351262e-005	0.0006194938463	0.0005334326867	0.0005252725017	0.0003143347572	0.0002340004255	8.720249459e-005	0.0001441220953	0.0002700282989	7.93552735e-005	9.465380371e-005	5.034825638e-005	0.0004644153857	0.0004332523378	0.0003392336204	0.0001387697264	0.0002365260673	0.0004183896153	0.0004486478039	0.0002907817136
0.001379440379	0.0003609642911	0.0003040689097	0.0003139724917	0.01180419868	0.0004179735127	0.0002103711843	0.0004973895836	0.0001420074515	0.0002001709159	0.00018855003	0.0008475302915	0.001039914432	0.0002794954444	0.001233729611	0.000618997037	0.0001966976727	7.942761035e-005	0.001166457589	0.0006731036638	0.0002722946721	-2.318693927e-005	0.0003666161748	0.0001167149129	7.400718246e-005	0.0006088778969	0.0004717758633	9.891159427e-005	0.00011581301	0.0003603521258	0.0002446148668	0.0005752360111	0.0001202754977	0.0003303282996	0.0003455193468	0.0004786360485	0.0002678663341	0.000476546289	0.0001337622548	0.001470468767	0.0005053039632	-1.24572001e-005	-0.0001793405664	9.214813047e-005	0.0004000959107	0.0004351912694	0.0007479130216	0.0002227172954	0.000109471963	0.0007470775391	0.0002688758469	0.000389092016	0.001236719428	0.0006989279198	0.0007289170502	0.0009056987801	0.0004050592255	0.0002592307629	0.0001326886217	0.0001320133014	0.0005860249707	0.0006233143764	0.0005430061515	5.341277727e-005	0.0003588677301	6.645077411e-005	0.0001229857156	0.0004621344977	3.395957313e-005	0.001252789566	-0.0001135260201	0.0006524555964	0.0003643580804	0.0003281870511	5.070402496e-005	0.0001436367884	0.0005205261775	0.0003952915339	0.001061646968
0.0004879101416	0.0001578022284	0.0003380655663	0.0002861778038	0.0004179735127	0.0009128895587	0.0003511368258	0.000411076263	0.0004592921527	7.673233728e-005	0.0007983378691	0.0002648351516	0.0001439212863	0.0002645224014	0.0003864149187	0.0002212503881	0.0003022825192	0.0003185543368	0.0002897119337	0.0002707287057	0.0003316452897	0.0004842323973	0.0002808045014	0.0001778949657	0.0002915694946	0.0002675110573	0.0006600567533	0.0002787129242	0.000432561543	0.0002133599476	0.0002165529586	0.0006231421045	2.098305994e-005	0.0002673964659	0.0004352446699	0.0003431650253	0.0003000347995	0.000737041516	0.0005107634603	0.0004819543139	0.0003996138702	0.0003704585055	0.0002233868405	0.0002507343295	0.0006159428541	0.000878008004	0.0003284555197	0.0003976372257	0.0004343469693	1.758553796e-005	0.0003438240107	0.0002965409654	0.0003707376206	0.0008142167216	0.0001433972911	0.000175198418	0.0005953565516	0.0002300068487	0.0002252503736	0.0001676980821	0.0006932086115	0.0006524835826	0.0004736814737	0.0003673880296	0.0002441571513	0.0002153737258	7.042523827e-005	0.0003838083454	8.013022257e-005	0.0003000848654	0.0001362920568	0.0003663703004	0.0004233458919	0.0001375866946	0.000145984792	0.0002702959508	0.0004114073883	0.0004884929262	0.0004499302069
0.0002166212356	7.849566608e-005	0.0001683405151	0.000205129386	0.0002103711843	0.0003511368258	0.0011367756	0.000349235859	0.0003245935983	8.219633903e-005	0.0005854520971	0.0001708591263	7.914612315e-005	7.579861682e-005	5.920095852e-005	0.0001939546627	0.0001991006032	0.0001784372208	0.0003358846747	0.0003755670473	0.0002809400719	0.0003733477179	0.0001570531294	0.0001364041395	0.0001303190061	0.0001557837998	0.0003282180854	0.000484402483	0.0001764817558	0.0001793761825	0.0001692065311	0.0003093159039	8.477262141e-006	0.0002223015515	0.0002499720273	0.0002719056019	0.0001407533016	0.0004462685524	0.000258084086	0.000200859166	6.541812505e-005	0.0001873528169	0.0003548125187	9.615361897e-005	0.0002770535717	0.0004223291038	0.00011439015	0.0002122593757	0.0002476141362	9.629178655e-005	0.0002897755303	0.0002623242521	8.351856487e-005	0.0003752037872	4.914949024e-005	0.0002610758026	0.0002468357078	6.59706861e-005	0.0001270868008	0.000135658472	0.0004598616302	0.0004413090105	0.000237108861	0.0002766713413	0.0002562447288	0.0002909786183	1.836066011e-005	0.0002081961204	9.848762021e-005	0.0002036758238	0.0001817832246	0.0002381793087	0.0002014224662	2.031398707e-005	6.225009624e-005	0.0001862732617	0.0001999373362	0.0002760444315	0.0001346450915
0.0006287233652	0.000139476116	0.0003744421705	0.0005023594952	0.0004973895836	0.000411076263	0.000349235859	0.001348667661	0.000301926538	2.847220557e-005	0.0007719101329	0.000364875328	0.000238566901	0.0002601103883	0.0005625326581	0.000268750721	0.0002514737972	0.0001839023528	0.0003024595949	0.000354315235	0.0004651317915	0.000519436842	0.0002582575149	0.0001330447422	0.0002447458195	0.0002058423864	0.0004473020162	0.000194871543	0.0003012139828	0.0003170881599	0.0002801484911	0.0005037535374	-5.799474271e-005	0.000404117143	0.0006009616532	0.0005102055883	0.0002772331871	0.0004656917618	0.000314841158	0.0006064958888	0.0002065238473	0.0002395044364	0.0002793596651	0.0001795204315	0.0006005499959	0.000540974274	0.0003482309176	0.0003854858466	0.0002506315829	0.0001861798712	0.0003143822296	0.0002624626709	0.0006176759439	0.0006628298082	0.0003229091526	0.0002470554211	0.0005563649708	0.0003092466267	0.0001545970505	0.0001161480674	0.0007472584649	0.0007000671591	0.0005559166024	0.0002004258394	0.0003862553147	0.0002003191071	8.464281617e-005	0.0004416002798	-4.573976312e-005	0.0003370005712	0.0001555309744	0.0002935249647	0.0005133195685	0.0001813654799	7.488446347e-005	0.00026329346	0.0004520905487	0.0005109635428	0.0004251572958
0.0004349087585	0.0001150555325	0.0003933584622	0.0003295685605	0.0001420074515	0.0004592921527	0.0003245935983	0.000301926538	0.0009373909374	5.450829693e-005	0.0005542923291	0.0003018546722	-0.0003201467275	0.0002890565926	0.0003072714501	0.0002058456392	0.0001505815436	0.000292968706	0.000183582341	0.0003063872076	0.0002824764858	0.0003942004644	0.0002811109678	0.0001522765805	-7.433165265e-005	0.0002888112641	0.0004768528584	0.0002377921412	0.0005669436288	0.0002035456488	0.0002275694556	0.000513004275	5.793465276e-005	0.0002515273162	0.0004474324101	0.0003279060956	0.0003001772495	0.0006092953691	0.0005571206402	0.0003736439853	0.000297363619	0.0001807724333	0.0002056262096	0.0002421706856	0.0005370648188	0.0006050215473	0.0002981646657	0.0003157636292	0.0004944666389	5.639742567e-005	0.0003784991437	0.0002410007085	0.0002801867942	0.0006041807716	0.000179443249	0.0002924006909	0.0004198287246	0.000201155593	0.0002100926397	0.0001772896992	0.0006462464429	0.0006445182808	0.0003303846213	0.0002460679256	0.0001997282179	0.0001454068374	0.0001298646464	0.0004287412699	0.0001292763308	0.0001531434195	0.000221324529	0.0004156954059	0.0003947406109	0.0001934151254	0.000205075005	0.0003389013728	0.0004210679645	0.0003839029539	0.0004073649976
0.000164653298	3.868784622e-005	2.248869779e-005	1.877717645e-005	0.0002001709159	7.673233728e-005	8.219633903e-005	2.847220557e-005	5.450829693e-005	0.0005171609378	9.809397086e-005	0.000105462596	0.000165046098	9.276089469e-005	8.70450371e-005	5.619743189e-005	3.737166729e-005	9.266777144e-005	0.0002435404209	0.000175683275	6.632837535e-005	7.122806869e-005	3.509178738e-005	9.379225004e-005	0.0001012161519	4.799064975e-005	2.905021869e-005	7.71963515e-005	-1.505592215e-006	0.0001238495619	6.242672644e-005	5.831154651e-005	0.0002438782506	8.903309498e-005	0.0001394937845	8.498078931e-005	7.145199418e-005	6.882472453e-005	6.848796338e-005	0.0001128637351	0.0001109720102	7.599914536e-006	0.0001310958169	1.939036175e-005	6.247975053e-005	2.897759126e-005	8.526131236e-005	3.795369279e-005	2.428653938e-005	-6.433225435e-005	9.147960287e-005	0.0001297675449	9.941564591e-005	6.654897723e-005	5.227661148e-005	4.714360482e-005	5.358318161e-005	6.0193035e-005	5.933957995e-005	0.0001361850957	5.291370665e-005	4.970994204e-005	8.868084276e-005	-1.49745887e-005	8.944805751e-005	3.743400004e-005	9.733955755e-005	9.578555793e-005	9.57563171e-005	0.0001142832933	5.584163917e-005	9.751255087e-005	0.000113523942	-1.04341487e-005	0.0001345168455	0.0001162778262	0.0001206551597	7.44147063e-005	0.0001569886401
0.0007052232464	0.0001645423854	0.0004086338211	0.0006296408455	0.00018855003	0.0007983378691	0.0005854520971	0.0007719101329	0.0005542923291	9.809397086e-005	0.002438955426	0.000111928178	-0.0002428153015	0.0003622406563	0.0003365281239	0.000149603878	0.0004398310569	0.000361663614	-5.119313224e-005	0.0005439123138	0.0003793135748	0.000661776335	0.0005022340098	0.0002509873966	9.081253488e-005	0.00031208019	0.0008746611186	0.0003625303841	0.0006148185341	0.0002802626644	0.0003722705104	0.0009310052733	-3.28414869e-005	0.000246162074	0.0009464857143	0.0005384773854	0.0003990104821	0.0008958715894	0.0006946578751	0.0005665508342	0.0004765322987	0.0002711200325	0.0005995659714	0.0003289517959	0.0008030907334	0.001020617202	0.0003440544813	0.000568078837	0.0004765023501	6.958387434e-005	0.0005344107735	0.000343794803	0.000551838694	0.001150186395	-0.0001059713804	0.0002855417664	0.001024070568	0.0003326461278	0.0001932464416	0.0002107758438	0.001132123867	0.001055340725	0.0008759633201	0.0005801056282	0.0003753896497	0.0002764550082	-5.266825929e-006	0.0005294249009	6.072888622e-005	0.0001086984772	0.0003683999381	0.0007620781431	0.0005037639844	0.000455697092	0.0001199306822	0.0004290543162	0.0005939297562	0.00082167575	0.0005469469187
0.0006465498438	0.0001278930198	0.0002413205874	0.0001997257822	0.0008475302915	0.0002648351516	0.0001708591263	0.000364875328	0.0003018546722	0.000105462596	0.000111928178	0.0008738126922	0.0001833309239	0.0003261584924	0.0006936134776	0.0005055698083	8.078020602e-005	0.0001527613466	0.0005704537737	0.0002539127957	0.0002103660828	0.0002311668678	0.0001849904515	0.0001700068672	0.0001861550721	0.0001382573681	0.0002854562918	0.0001033790649	0.0001905119069	0.0002755252781	0.0001299122203	0.000312984483	9.847789824e-005	0.0004132901802	0.000235193561	0.0003240765692	0.0002912395496	0.0002758166182	0.0002338990162	0.0006284707998	0.0001751973453	0.0001024547255	5.226920926e-005	6.214890844e-005	0.0003372879907	0.0003326930836	0.0002946009932	0.0002115080562	0.0002248143549	0.0004484481485	0.0002118082253	0.0002303723446	0.0006477613013	0.0004211594545	6.735594994e-005	0.0002746832415	0.0002904106473	0.0002716505498	0.0001163118362	0.0001874315423	0.0004041441758	0.0004001733067	0.000182766725	0.0001501007534	0.000182143203	0.0001659043503	0.0002388323275	0.0003109695641	6.361055718e-005	0.0006263961389	6.952313999e-005	0.0003120666884	0.0003554918054	-0.0004343439894	0.0001931444073	0.0001366427485	0.000291627407	0.0002720417536	0.0005061744442
0.0002911317914	-0.0002583117657	-0.0001714874474	-0.0006086913177	0.001039914432	0.0001439212863	7.914612315e-005	0.000238566901	-0.0003201467275	0.000165046098	-0.0002428153015	0.0001833309239	0.04773170136	0.0002983871363	0.0003461278002	2.750780004e-005	2.246480479e-005	-0.0007094449219	0.001200577342	-0.0003934616134	-0.0001609265467	0.0005884261832	-0.0001457175571	-0.0003002782891	-0.0002731353196	-6.138163703e-005	0.0004176843509	-0.0003563682179	0.0001414632178	0.000638668248	-0.0001946909815	0.0001931799553	-0.0005006959409	0.001004096768	0.0001969191708	0.0001846417935	0.0002052073298	0.0002429310858	0.0001633764973	0.0007351640621	2.101148097e-005	0.0004697402523	-0.0005412945472	-5.449865509e-005	0.0003529676249	0.0001593410462	0.0006446536034	-0.0005222207935	2.99432233e-005	-3.688190097e-005	-0.0004107668805	-0.0004043407866	0.0009679522046	9.471915154e-005	0.0003640624982	5.467749847e-006	-0.0001857803883	-0.0007796243409	0.000148877139	-1.438586804e-005	0.0001734942537	0.0001790760551	0.0006519255525	0.0005656028798	0.0005720810073	0.0005268318658	0.0003765089008	0.0002206316437	-1.214826901e-005	0.0006121938857	-0.0003947892157	0.0001965684876	0.0004506948237	-0.0008772553986	-8.462122481e-005	-0.0003012492821	0.001189776461	-0.0003983506539	0.0006419166998
0.0004305542905	7.951188704e-005	0.000216462227	0.0002431995149	0.0002794954444	0.0002645224014	7.579861682e-005	0.0002601103883	0.0002890565926	9.276089469e-005	0.0003622406563	0.0003261584924	0.0002983871363	0.0008074454972	0.0003723219597	0.0002125115169	9.328560381e-005	0.0001147127661	0.0002404744532	0.0001940414951	0.0001668534536	0.0003572524028	0.0002148475872	7.075054345e-005	0.0001509086125	0.0002185374192	0.0003034312161	1.844658503e-005	0.0002771257242	0.0005749150879	0.0001518162048	0.0003962351428	8.447404504e-005	0.000270438158	0.0002427548453	0.0002942483834	0.0005878603162	0.0002733584888	0.0002530309003	0.0003740945621	0.0002660500526	0.0002089807861	4.976737495e-005	0.0001082833366	0.0003253979341	0.0003115454917	0.0004147012706	0.000219843674	0.00017551117	7.740168689e-005	0.0001349037029	0.0001171437913	0.0004039960241	0.0004426319421	0.0001261121477	0.0001985641508	0.0003557965079	0.0002246294696	0.0001560917322	0.0001546953021	0.0003935698038	0.0003811080628	0.0003122631187	0.000214980264	0.0001787704558	0.0001062854418	0.0001830483934	0.0003458649027	0.0001619289045	0.0003329434227	0.0001432708438	0.000228196437	0.0004055820662	-0.0002902239731	0.0001959178001	6.423893163e-005	0.0003173948069	0.0002047145833	0.0004872953493
0.001206609321	0.0001138172736	0.0002693365373	0.0003117801023	0.001233729611	0.0003864149187	5.920095852e-005	0.0005625326581	0.0003072714501	8.70450371e-005	0.0003365281239	0.0006936134776	0.0003461278002	0.0003723219597	0.001583970051	0.0006024873109	0.0001285926901	9.963417132e-005	0.0006654884344	0.0003644029675	0.0003161952476	0.0004208457454	0.0002291879191	0.0001175011901	0.0001255699524	0.0002221312711	0.0004082935725	2.204425413e-005	0.0002627373377	0.0003564874841	0.0002207470396	0.0005405358827	2.841162296e-005	0.0005277439488	0.0004132315141	0.0005146424906	0.0003236722938	0.000526927812	0.0002876846802	0.001128322161	0.0003261465938	9.52349821e-005	0.0001140991353	0.0001299645632	0.0005700279387	0.0006063301137	0.0004355384991	0.0003251335889	0.0002299538342	0.0008455565372	0.0002956575416	0.0003144992198	0.001377493237	0.0005342655386	0.0003480938093	0.0003132127897	0.0004624743907	0.0005416587067	0.0001313374021	0.0001806196866	0.0007311343861	0.0006802704515	0.0004091431121	0.0002835256851	0.0003274865308	0.0003237252865	0.0001259211389	0.0005042278896	-3.541971888e-005	0.0008843947618	8.563592301e-005	0.0004139149053	0.0005234409977	-0.0001345105139	0.0001079844937	0.00016168332	0.000496081204	0.0004921116557	0.001311601449
0.0005190551433	9.600441957e-005	0.0001356136599	7.424766152e-005	0.000618997037	0.0002212503881	0.0001939546627	0.000268750721	0.0002058456392	5.619743189e-005	0.000149603878	0.0005055698083	2.750780004e-005	0.0002125115169	0.0006024873109	0.0006070668061	0.0001212942373	0.0001028092404	0.0004648138193	0.0002232228723	0.0001156934166	0.0002189311057	0.0001207900863	0.000128523177	0.00010690376	0.0001023568061	0.0002498191258	0.0001261791297	0.0001430457887	0.000153064198	0.0001666311563	0.0003065026792	4.210364647e-005	0.0002739052891	0.0001112699632	0.0002285112377	0.0002035653963	0.0002849419202	0.0001682783025	0.0005078724937	0.0001363250928	7.283316916e-005	1.57251875e-005	5.713516461e-005	0.0002943977373	0.0003060148585	0.0001962367277	0.0001794130823	0.0001648015449	0.0005306223721	0.000209863702	0.0001404115809	0.0005362252183	0.0002885231625	7.892141778e-005	0.0002078392845	0.0001917546464	0.0003355651946	7.462517148e-005	0.0001631873926	0.0003260024265	0.0002981581775	0.0001346494214	0.0002316440475	0.0002117462194	0.0002323033468	0.0001261999308	0.0002682020021	4.183689292e-005	0.0005189759691	4.254988504e-005	0.0002309710191	0.0002551437002	-7.637951245e-005	0.0001132282198	0.0001095971275	0.0002379792959	0.0002013612959	0.0005166129003
0.0001543423001	8.005806858e-005	0.0001865077689	0.0001639420088	0.0001966976727	0.0003022825192	0.0001991006032	0.0002514737972	0.0001505815436	3.737166729e-005	0.0004398310569	8.078020602e-005	2.246480479e-005	9.328560381e-005	0.0001285926901	0.0001212942373	0.0008054015843	0.0002218793459	0.0001401334438	0.0001369559163	0.0001425785527	0.0002066004655	0.0002841027905	8.003086576e-005	1.372632951e-005	0.0001261846985	0.0002879786572	0.0001723187424	0.0002339765583	9.698826244e-005	9.392341529e-005	0.0003056858836	1.439860754e-005	0.0001435931603	0.0003824956862	0.0001969701989	9.009745474e-005	0.0003045288886	0.0001936815645	0.0001966592304	0.000102590514	4.078722487e-005	0.000207816179	0.0001118664041	0.000235140253	0.0003795340811	0.0001036180649	0.0002836844914	0.0001952566039	-1.602468666e-005	0.0002829587589	0.0001453551323	0.0001580088846	0.0003923087118	-1.534222673e-005	7.328883334e-005	0.000454782659	0.0002120589327	0.0001823098623	9.105176104e-005	0.0003315230212	0.0003406385125	0.0003448719871	0.0001220976907	0.0001854494512	0.0002106671859	1.501662677e-005	7.143191552e-005	-4.625524472e-005	6.663123066e-005	7.765252168e-005	0.0002190095972	0.0001735630146	-1.181774428e-006	3.020438359e-005	0.0001630796418	0.0001715370155	0.0003653052124	2.550244891e-005
0.0001220657778	0.0001435324852	0.000222400188	0.0001458521258	7.942761035e-005	0.0003185543368	0.0001784372208	0.0001839023528	0.000292968706	9.266777144e-005	0.000361663614	0.0001527613466	-0.0007094449219	0.0001147127661	9.963417132e-005	0.0001028092404	0.0002218793459	0.0006818398157	1.578283378e-005	0.0001720276274	0.0001720517554	0.0002256097465	0.0002532311222	9.002287508e-005	-2.05394435e-005	0.0001840825067	0.0003315407039	0.0002044423155	0.0002495488184	6.106801703e-005	0.0001137570437	0.0002301498934	6.458085162e-005	6.022916852e-005	0.0002737197518	0.0001655714048	0.0001052493333	0.0003446468991	0.0002817970434	8.240601839e-005	6.296237846e-005	0.0002282816065	4.74429305e-005	0.0001778677628	0.0002173013541	0.0004513928482	0.0001606757193	0.0002022405528	0.0002619987792	6.065449784e-005	0.0002417317359	0.0001489962282	2.465834167e-005	0.0003751669066	0.0001230812191	4.922072306e-005	0.0002873275527	0.0001175413197	0.0001460969132	0.000171068865	0.0002871870543	0.0002972485332	0.0001648041237	0.0001393243199	0.0001456126534	0.0001222948417	6.070610108e-005	0.0001915176457	8.091237611e-005	-1.159904864e-005	0.0001734617583	0.000252710589	0.0001989897847	2.654403776e-005	0.0001672158398	0.0003202617193	0.0002296084962	0.0002132575926	-1.085855728e-005
0.000528466739	0.0001250243855	0.0001575426206	-8.493553797e-005	0.001166457589	0.0002897119337	0.0003358846747	0.0003024595949	0.000183582341	0.0002435404209	-5.119313224e-005	0.0005704537737	0.001200577342	0.0002404744532	0.0006654884344	0.0004648138193	0.0001401334438	1.578283378e-005	0.005031245184	-0.0001104482489	0.0003389646098	0.0003956576131	0.0002830980134	0.0001173941602	0.001902319897	-2.461157583e-005	0.0001277535015	-0.0001320384191	-9.246174289e-005	0.0002470862532	0.0001818269524	0.0002508607975	-0.0001457360253	0.0002540602964	-0.0001117245894	0.0003078050128	0.0001998132612	0.0001926332302	-2.211165253e-005	0.0007404854368	0.0003357492974	0.0002090075984	-0.00013664924	-5.573086407e-005	0.0006880136108	0.0003325756313	0.0004930297838	-9.595878745e-006	0.000122328343	0.0004757038932	0.0001295421958	0.000273165934	0.0005459866337	0.000162137774	0.0001503182922	0.0002751965296	0.0001894000895	0.0003395281444	6.08575638e-005	-4.431835835e-005	0.0002539383011	0.0003053292288	0.000379724744	2.893576816e-005	0.0002325719158	0.0002040302884	0.000139412084	0.0002789253294	0.0001120387306	0.001255473986	-0.0001380527694	0.0003597266621	4.379355379e-005	-0.0001897857639	7.798442246e-005	0.0001807598091	0.0003578475734	0.0001597993075	0.0008266119552
0.0003631985524	6.378353164e-005	0.0002493876313	0.0003055305231	0.0006731036638	0.0002707287057	0.0003755670473	0.000354315235	0.0003063872076	0.000175683275	0.0005439123138	0.0002539127957	-0.0003934616134	0.0001940414951	0.0003644029675	0.0002232228723	0.0001369559163	0.0001720276274	-0.0001104482489	0.001467002932	0.0002028414786	0.0003175160556	0.0001363193581	0.0001493042299	9.350285049e-006	0.0002446764744	0.0002743369536	0.000192638231	0.0001800566341	0.0002166336553	0.0001866831464	0.0003826189851	0.0001527172226	0.0002482233615	0.0005344003564	0.0002507063673	0.0002397783384	0.0004545063104	0.0003286879575	0.000415381835	0.0002926400816	0.0001471095162	0.0001114942779	0.0001200058506	0.0003678224498	0.0003830412789	0.0002770163542	0.0003450422424	0.0002893769963	0.0003915992287	0.0003450985657	0.0002431997564	0.0004483948646	0.0004795866639	-6.918794211e-005	0.0002724844469	0.0003674045554	0.0002096675978	0.0001232767637	0.0002750405417	0.0004897813962	0.0005038960196	0.000242204836	0.0001365913468	0.0001961667983	0.0001455593122	7.095598682e-005	0.0004096719531	4.344311253e-005	0.0002180802159	0.0001563702617	0.0004190913729	0.0003954869112	2.449936136e-005	0.0001224595188	0.0001123737074	0.0003566551925	0.0003029393013	0.0001184096249
0.0003073094299	6.700316183e-005	0.0002304916752	0.0003364191742	0.0002722946721	0.0003316452897	0.0002809400719	0.0004651317915	0.0002824764858	6.632837535e-005	0.0003793135748	0.0002103660828	-0.0001609265467	0.0001668534536	0.0003161952476	0.0001156934166	0.0001425785527	0.0001720517554	0.0003389646098	0.0002028414786	0.001022128645	0.0003388577315	0.0001165355576	9.095137024e-005	0.0003332701384	0.0001171198725	0.0002650741567	0.0001824527107	0.0002542011076	0.0001669335246	6.279060337e-005	0.0001775523193	-2.767761766e-005	0.0002875465713	0.0003312992212	0.0002536995863	0.0001637076685	0.0003308784465	0.0002199147563	0.0001658663515	0.0001601093143	0.0001445247708	0.0001959771646	0.0001223195401	0.0003313277509	0.0002964862371	0.0003433189591	0.0002546954169	0.0002512626577	-7.508009335e-005	0.0002945820285	0.0002416113963	0.0002375937939	0.0003648031796	0.0004359304409	0.0001937545373	0.0003823187852	0.0001978534978	9.382631327e-005	6.605642249e-005	0.000385060316	0.0004116188453	0.000318734287	0.0001504837863	0.0002106739798	0.0002036141022	0.0001264307621	0.0001538862875	0.0001314511311	0.0002617712236	0.0001177010931	0.0001870959011	0.0003461257997	9.086260899e-005	0.0001185349701	0.0001868255786	0.0002893387068	0.0003459733505	9.894395093e-005
0.0004600671934	4.902841407e-005	0.0003568027141	0.0004148927602	-2.318693927e-005	0.0004842323973	0.0003733477179	0.000519436842	0.0003942004644	7.122806869e-005	0.000661776335	0.0002311668678	0.0005884261832	0.0003572524028	0.0004208457454	0.0002189311057	0.0002066004655	0.0002256097465	0.0003956576131	0.0003175160556	0.0003388577315	0.00171324199	0.000390893419	0.0001669849137	0.0002917221437	0.0001535622236	0.0004948116278	0.000168733468	0.0004021869706	0.0003370534868	0.0001945215959	0.0004919907071	8.220652089e-006	0.0002716463379	0.0004892626252	0.0003972515612	0.0002694484072	0.0006677871976	0.0003583508562	0.0003254426826	0.0002796630434	0.0003512994382	0.0004022972569	0.0002538860618	0.0005128492571	0.0005618874613	0.0004239413982	0.0003403211362	0.0003792809446	0.0002595874219	0.0002907542914	0.0001410821393	0.0004164195793	0.0007407266953	8.867581783e-005	0.0002889542005	0.0006312481851	0.0002034825762	0.0001586106435	0.0001452194614	0.0006986045999	0.0006125803833	0.0004768387915	0.000328695729	0.0002076757488	4.987529032e-005	8.232435385e-005	0.0003548490016	0.0002028984847	0.0003774932951	0.0002462407482	0.0003438990197	0.0004301708788	0.0002194636001	0.0001229552563	0.0001939709414	0.0004573118704	0.0004298627339	0.0004092220945
0.0002395134815	0.0001074312227	0.0002015181809	0.0003178151758	0.0003666161748	0.0002808045014	0.0001570531294	0.0002582575149	0.0002811109678	3.509178738e-005	0.0005022340098	0.0001849904515	-0.0001457175571	0.0002148475872	0.0002291879191	0.0001207900863	0.0002841027905	0.0002532311222	0.0002830980134	0.0001363193581	0.0001165355576	0.000390893419	0.001907437588	7.375676807e-005	0.0001702727438	0.0001301283069	0.0003227005936	1.416077278e-005	0.0002792025794	0.0001491191084	0.0001577737	0.0003806691565	6.921565575e-005	0.000323299087	0.0005252232008	0.0002235965807	0.0002232068367	0.0002908092077	0.0002398152906	0.0002198592131	0.0001085813272	0.0001880253545	0.0004070959325	0.0001815596387	0.0001915837242	0.0004759616647	0.0002234532055	0.000387569396	0.0002328302125	0.0004724564756	0.0002740789702	0.0002274891797	0.0001544349867	0.0005338758927	0.0003621044715	0.0002342669009	0.0006096036568	0.0002447434013	0.0002462308419	2.52696389e-005	0.0005034975392	0.0004891159093	0.0005302564298	0.0001861171082	0.0001901867167	0.0003139056887	4.902217163e-005	0.000224575714	8.660083972e-005	0.0001620011319	0.0001633560245	7.018909815e-005	0.0002728597313	4.479987632e-005	8.595112324e-005	0.0002227421374	0.0002159067712	0.0004353808952	0.0002928660863
0.0002072315414	6.589127892e-005	0.0001166070854	0.0001145666508	0.0001167149129	0.0001778949657	0.0001364041395	0.0001330447422	0.0001522765805	9.379225004e-005	0.0002509873966	0.0001700068672	-0.0003002782891	7.075054345e-005	0.0001175011901	0.000128523177	8.003086576e-005	9.002287508e-005	0.0001173941602	0.0001493042299	9.095137024e-005	0.0001669849137	7.375676807e-005	0.0003745474959	3.085785249e-005	5.959638253e-005	0.0001511750631	0.0001595220158	0.0001286483965	6.776997783e-005	0.0001060153139	0.0001349756704	0.0001111938049	5.943668351e-005	6.205008494e-005	0.0001625754397	0.0001001857005	0.0001941544275	0.0001536238914	0.0002036481678	7.469515777e-005	8.294332559e-005	0.0001737838322	4.619125346e-005	0.0002273977571	0.0001987200832	3.884516519e-005	0.0001635811938	0.0001302545158	0.000209046642	0.000171552625	0.0001586200991	0.000174454783	0.0002070900924	-0.0002015719532	0.0001349661586	0.0001246266361	0.0001290240268	0.0001006802266	0.0002129105439	0.0001823769673	0.0001828998468	6.922224815e-005	0.0001144703134	8.674861447e-005	0.0001510586411	9.114052771e-005	0.0001218576797	0.0001101499851	6.073123661e-005	0.0001088471602	0.0001720801197	0.0001436716328	-8.850186342e-005	0.0001452994467	0.0001030348214	0.0001517490745	0.000122709129	0.00025475913
9.558127062e-005	0.000105761809	-3.419508029e-005	2.355200272e-005	7.400718246e-005	0.0002915694946	0.0001303190061	0.0002447458195	-7.433165265e-005	0.0001012161519	9.081253488e-005	0.0001861550721	-0.0002731353196	0.0001509086125	0.0001255699524	0.00010690376	1.372632951e-005	-2.05394435e-005	0.001902319897	9.350285049e-006	0.0003332701384	0.0002917221437	0.0001702727438	3.085785249e-005	0.005514754829	-0.0001783648767	0.0001575258258	-2.133074519e-005	-0.0001088057354	0.0001383929619	0.0001113895857	9.712878359e-005	-0.0001235986905	0.0002449736013	-0.0001366491981	0.0001494637413	9.256281094e-005	0.0001873299241	9.768613768e-005	8.183673019e-005	0.0003511506226	8.74308875e-005	-9.238228454e-005	2.378043789e-005	9.699851847e-005	0.0001490294375	0.0003123544378	6.47929734e-005	-5.067323834e-005	5.658782144e-006	4.714474062e-006	0.0001061922062	-3.705521577e-006	0.0003135105097	-0.0002880420406	0.0002155675837	0.000209772879	0.0001827546628	0.0001910119329	0.0001656018377	0.0002816302421	0.0002484792408	0.0001360290214	2.958474901e-005	0.0003637623708	0.0002339438917	0.0002644030897	6.010644147e-005	-5.008051974e-005	0.0006661728953	-4.402289914e-005	0.0002929343143	0.000220567027	0.0002896883931	9.723655025e-005	2.237107503e-005	0.0002663451532	1.477890289e-005	0.0002167451153
0.0002998219578	1.83205003e-005	0.0002033350578	0.0001325677099	0.0006088778969	0.0002675110573	0.0001557837998	0.0002058423864	0.0002888112641	4.799064975e-005	0.00031208019	0.0001382573681	-6.138163703e-005	0.0002185374192	0.0002221312711	0.0001023568061	0.0001261846985	0.0001840825067	-2.461157583e-005	0.0002446764744	0.0001171198725	0.0001535622236	0.0001301283069	5.959638253e-005	-0.0001783648767	0.0007534798269	0.0002509815524	0.0001240897915	0.0001813966589	0.000188253885	0.0001027506624	0.0003702172104	5.180539145e-005	0.0001390026428	0.0002300404222	0.000203723301	0.0001801498347	0.0003254071065	0.0001649821849	0.0002233487185	0.0002344492627	0.0001535297143	0.0001080709469	0.0001155096488	0.000353302864	0.0003597216918	0.0002087421789	0.0001385876473	0.000181065033	-0.0002054859737	0.0001428866701	0.0001859639383	0.0002419384213	0.0003098900642	0.0003594797799	9.075261801e-005	0.0001672907669	-1.5881006e-005	0.0001971973379	5.441042248e-005	0.000321597169	0.0003142998114	0.0002277757559	0.0001156591851	0.0001596542708	0.0001398248752	4.653833224e-005	0.0002453237723	3.004677577e-006	0.0001593891023	9.88072117e-005	0.0002741287854	0.0002454913673	-0.0001394069078	6.460842325e-005	0.0001478769798	0.0002708463144	0.0001754886471	0.000238302592
0.0005315661413	0.000134606759	0.0004081383157	0.0004704865425	0.0004717758633	0.0006600567533	0.0003282180854	0.0004473020162	0.0004768528584	2.905021869e-005	0.0008746611186	0.0002854562918	0.0004176843509	0.0003034312161	0.0004082935725	0.0002498191258	0.0002879786572	0.0003315407039	0.0001277535015	0.0002743369536	0.0002650741567	0.0004948116278	0.0003227005936	0.0001511750631	0.0001575258258	0.0002509815524	0.001222215099	0.0002194962706	0.000514366445	0.0002693073691	0.0002732262232	0.0006896840297	5.263635811e-006	0.000391677048	0.0005697173711	0.0003521104326	0.0003531379845	0.0008000371456	0.0005442034769	0.0005256881991	0.0003516660879	0.0002445649985	0.0003124299754	0.0001949288567	0.0005695654832	0.0008643518713	0.0003989985856	0.0003686397106	0.0004093892064	0.000143290429	0.0002807483421	0.0001837698766	0.0004015586926	0.0009409021688	0.0003112454095	0.0002524986864	0.0006324913333	0.0003006360057	7.401602554e-005	0.0001704484474	0.0007975104352	0.0007734799503	0.00054375624	0.0004254057688	0.0002430414457	0.0002114332738	7.570340445e-005	0.000399850098	5.104985108e-005	0.0002830100017	0.000132618254	0.0005614152028	0.0003875319922	0.0002000182661	0.000193570648	0.0002771078021	0.000445429636	0.0004785260982	0.0004074089595
0.0001446060008	7.518621642e-005	0.000129760343	0.0002568971875	9.891159427e-005	0.0002787129242	0.000484402483	0.000194871543	0.0002377921412	7.71963515e-005	0.0003625303841	0.0001033790649	-0.0003563682179	1.844658503e-005	2.204425413e-005	0.0001261791297	0.0001723187424	0.0002044423155	-0.0001320384191	0.000192638231	0.0001824527107	0.000168733468	1.416077278e-005	0.0001595220158	-2.133074519e-005	0.0001240897915	0.0002194962706	0.0006851410117	0.0002227554958	4.599249117e-005	0.0001468101756	0.0001575409046	5.258205947e-005	3.285014698e-005	0.0001850305631	0.0002070798145	3.371068482e-005	0.0003113608104	0.0002040831358	7.299405679e-005	5.626673276e-005	0.0001120349522	0.0001147174843	8.039696774e-005	0.0002619110974	0.0003294777989	-1.097541474e-007	0.0002207618304	0.0002027219833	-1.420161637e-005	0.0002934106442	0.000187888544	5.277467833e-005	0.0002417426375	-0.0001696671462	0.0001084774555	0.0001216056477	8.378607951e-005	0.0001350916983	9.854076882e-005	0.0002386453844	0.0002341427925	0.0001439098197	0.0002457705389	0.00019640737	0.0001744653091	3.853542594e-005	0.0001230629132	6.755504282e-005	-9.824548586e-005	0.0001628345553	0.0002196167437	0.0001813591211	0.0001257723104	0.0001027878316	0.0002224143432	0.0001457230712	0.0001773225895	4.182937407e-005
0.000371582862	8.282172962e-005	0.0003836514936	0.0003555537475	0.00011581301	0.000432561543	0.0001764817558	0.0003012139828	0.0005669436288	-1.505592215e-006	0.0006148185341	0.0001905119069	0.0001414632178	0.0002771257242	0.0002627373377	0.0001430457887	0.0002339765583	0.0002495488184	-9.246174289e-005	0.0001800566341	0.0002542011076	0.0004021869706	0.0002792025794	0.0001286483965	-0.0001088057354	0.0001813966589	0.000514366445	0.0002227554958	0.0007742728064	0.0001633128049	0.0001561021516	0.0004387659385	-8.18396595e-007	0.0002769405361	0.0004140697919	0.0002680427614	0.0002787963766	0.000509755368	0.0004978354184	0.000267590785	0.0003081490953	0.0002237230017	0.0001971363544	0.0002484471991	0.0004357600264	0.000576770186	0.0002974015835	0.0002963850516	0.0004450824622	4.46921247e-005	0.0003055280799	0.0001932154256	0.000294174477	0.000587335448	0.0001033782837	0.0001843935892	0.0004390649066	0.0001919167402	0.0001001593505	0.0001315361399	0.0005912061263	0.0005523967817	0.0004392545228	0.0002802297257	0.0002248373921	0.000128342243	9.856022282e-005	0.0003042917901	0.0001305032626	9.821722901e-005	0.0002251583074	0.0003929808373	0.0003531158518	-5.400960062e-005	0.0002027523702	0.0002624058752	0.0003588993468	0.0003991380237	0.0003543693595
0.00037922567	0.000146873163	0.000170103952	0.0003235605053	0.0003603521258	0.0002133599476	0.0001793761825	0.0003170881599	0.0002035456488	0.0001238495619	0.0002802626644	0.0002755252781	0.000638668248	0.0005749150879	0.0003564874841	0.000153064198	9.698826244e-005	6.106801703e-005	0.0002470862532	0.0002166336553	0.0001669335246	0.0003370534868	0.0001491191084	6.776997783e-005	0.0001383929619	0.000188253885	0.0002693073691	4.599249117e-005	0.0001633128049	0.0008416390469	0.0001168886127	0.0002866234489	7.076464912e-005	0.0002394910221	0.0002329925273	0.0003272249748	0.0005308063137	0.0002880700151	0.0001693618948	0.0004056686209	0.0002775267567	0.0001878973087	8.444723391e-005	7.693946734e-005	0.0002968931918	0.0003027301324	0.0003788562311	0.0002187824053	0.0001549621014	7.477940134e-005	0.0001007504718	0.00015127578	0.0003284948343	0.0003677045446	0.0001096929316	0.0002174554817	0.0002941859299	0.0001980055916	0.0001202803478	0.0001204620226	0.0003994109717	0.000387206745	0.0003782796437	0.0001098177327	0.0001972510445	0.0001439804859	0.0001680958034	0.0003030403222	0.0001388525948	0.0004164038122	0.0001214385588	0.0002084699368	0.0004404842518	-0.0002254469556	0.0001343280001	7.318808169e-005	0.0002741887647	0.0002350723702	0.0003502749922
0.0002908165066	0.0001231252195	0.0001722636232	0.0001713739738	0.0002446148668	0.0002165529586	0.0001692065311	0.0002801484911	0.0002275694556	6.242672644e-005	0.0003722705104	0.0001299122203	-0.0001946909815	0.0001518162048	0.0002207470396	0.0001666311563	9.392341529e-005	0.0001137570437	0.0001818269524	0.0001866831464	6.279060337e-005	0.0001945215959	0.0001577737	0.0001060153139	0.0001113895857	0.0001027506624	0.0002732262232	0.0001468101756	0.0001561021516	0.0001168886127	0.0003457820444	0.0003000180463	-1.404666814e-005	0.000108401843	0.0002079128549	0.0001975316142	0.0001554822199	0.0002964250776	0.0002210527191	0.0002273694042	8.003801339e-005	0.0001262986696	0.0001579367082	0.000100505386	0.0003092257551	0.0003260366914	0.0001598767768	0.0001925829688	0.000184283971	0.0002537172351	0.0001546979195	0.0001779242834	0.0002286216283	0.0002756904467	-8.144611464e-005	0.0001355222281	0.0002366697579	0.0001896292247	0.0001093442254	0.0001070607196	0.0002894756336	0.0002999106669	0.0001892451623	0.000171793447	0.0001428972315	8.938885499e-005	6.860482969e-005	0.0002964138362	7.126124095e-005	8.29760677e-005	0.0001038494407	0.0001577006069	0.0001535991968	0.0001586590318	9.07768457e-005	8.702388171e-005	0.0001763596598	0.0002152787212	0.0001740840499
